f000_0000ms.png 5037 232 98 108
f001_0033ms.png 5037 233 98 105
f002_0066ms.png 5037 233 98 105
f003_0099ms.png 5037 233 98 105
f004_0132ms.png 5037 233 98 105
f005_0165ms.png 5037 233 98 105
f006_0198ms.png 5037 233 98 105
f007_0231ms.png 5037 233 98 105
f008_0264ms.png 5037 233 98 105
f009_0297ms.png 5037 233 98 105
f010_0330ms.png 5037 233 98 105
f011_0363ms.png 5037 233 98 105
f012_0396ms.png 5037 233 98 105
f013_0429ms.png 5034 233 98 105
f014_0462ms.png 5034 233 98 105
f015_0495ms.png 5034 233 98 105
f016_0528ms.png 5034 233 98 105
f017_0561ms.png 5034 233 98 105
f018_0594ms.png 5034 233 98 105
f019_0627ms.png 5034 233 98 105
f020_0660ms.png 5034 233 98 105
f021_0693ms.png 5034 233 98 105
f022_0726ms.png 5034 233 98 105
f023_0759ms.png 5035 233 98 105
f024_0792ms.png 5035 233 98 105
f025_0825ms.png 5035 233 98 105
f026_0858ms.png 5035 233 98 105
f027_0891ms.png 5035 233 98 105
f028_0924ms.png 5035 233 98 105
f029_0957ms.png 5035 233 98 105
f030_0990ms.png 5035 233 98 105
f031_1023ms.png 5035 233 98 105
f032_1056ms.png 5035 233 98 105
f033_1089ms.png 5035 233 98 105
f034_1122ms.png 4404 242 151 156
f035_1155ms.png 4405 242 151 156
f036_1188ms.png 4404 242 151 156
f037_1221ms.png 4404 242 151 156
f038_1254ms.png 5011 233 98 105
f039_1287ms.png 5011 233 98 105
f040_1319ms.png 5014 233 98 105
f041_1352ms.png 5014 233 98 105
f042_1385ms.png 5011 233 98 105
f043_1418ms.png 5010 233 98 105
f044_1451ms.png 5009 233 98 105
f045_1484ms.png 5009 233 98 105
f046_1517ms.png 5009 233 98 105
f047_1550ms.png 5009 233 98 105
f048_1583ms.png 5009 233 98 105
f049_1616ms.png 5009 233 98 105
f050_1649ms.png 5009 233 98 105
f051_1682ms.png 5009 233 98 105
f052_1715ms.png 5009 233 98 105
f053_1748ms.png 5009 233 98 105
f054_1781ms.png 5009 233 98 105
f055_1814ms.png 5009 233 98 105
f056_1847ms.png 5009 233 98 105
f057_1880ms.png 5010 233 98 105
f058_1913ms.png 5010 233 98 105
f059_1946ms.png 5009 233 98 105
f060_1979ms.png 5009 233 98 105
f061_2012ms.png 5009 233 98 105
f062_2045ms.png 5009 233 98 105
f063_2078ms.png 5009 233 98 105
f064_2111ms.png 5009 233 98 105
f065_2144ms.png 5009 233 98 105
f066_2177ms.png 5009 233 98 105
f067_2210ms.png 5009 233 98 105
f068_2243ms.png 5009 233 98 105
f069_2276ms.png 5009 233 98 105
f070_2309ms.png 5009 233 98 105
f071_2342ms.png 5009 233 98 105
f072_2375ms.png 5009 233 98 105
f073_2408ms.png 5009 233 98 105
f074_2441ms.png 5009 233 98 105
f075_2474ms.png 5009 233 98 105
f076_2507ms.png 5009 233 98 105
f077_2540ms.png 5009 233 98 105
f078_2573ms.png 5009 233 98 105
f079_2606ms.png 5009 233 98 105
f080_2639ms.png 5009 233 98 105
f081_2672ms.png 5009 233 98 105
f082_2705ms.png 5009 233 98 105
f083_2738ms.png 5009 233 98 105
f084_2771ms.png 5009 233 98 105
f085_2804ms.png 5009 233 98 105
f086_2837ms.png 5009 233 98 105
f087_2870ms.png 5009 233 98 105
f088_2903ms.png 5009 233 98 105
f089_2936ms.png 5009 233 98 105
f090_2969ms.png 5009 233 98 105
f091_3002ms.png 4212 136 210 158
f092_3035ms.png 4212 136 210 158
f093_3068ms.png 4213 136 210 158
f094_3101ms.png 4213 136 210 158
f095_3134ms.png 4214 136 210 158
f096_3167ms.png 5033 233 98 105
f097_3200ms.png 5030 233 98 105
f098_3233ms.png 5031 233 98 105
f099_3266ms.png 5031 233 98 105
f100_3299ms.png 5031 233 98 105
f101_3332ms.png 5031 233 98 105
f102_3365ms.png 5031 233 98 105
f103_3398ms.png 5030 233 98 105
f104_3431ms.png 5032 233 98 105
f105_3464ms.png 5031 233 98 105
f106_3497ms.png 5031 233 98 105
f107_3530ms.png 5032 233 98 105
f108_3563ms.png 5032 233 98 105
f109_3596ms.png 5032 233 98 105
f110_3629ms.png 5032 233 98 105
f111_3662ms.png 5032 233 98 105
f112_3695ms.png 5030 233 98 105
f113_3728ms.png 5029 233 98 105
f114_3761ms.png 5029 233 98 105
f115_3794ms.png 5029 233 98 105
f116_3827ms.png 5029 233 98 105
f117_3860ms.png 5029 233 98 105
f118_3893ms.png 5029 233 98 105
f119_3926ms.png 5029 233 98 105
f120_3959ms.png 5029 233 98 105
f121_3992ms.png 5029 233 98 105
f122_4025ms.png 5029 233 98 105
f123_4058ms.png 5029 233 98 105
f124_4091ms.png 5029 233 98 105
f125_4124ms.png 5029 233 98 105
f126_4157ms.png 5029 233 98 105
f127_4190ms.png 5029 233 98 105
f128_4223ms.png 5029 233 98 105
f129_4256ms.png 5029 233 98 105
f130_4289ms.png 5029 233 98 105
f131_4322ms.png 5029 233 98 105
f132_4355ms.png 5029 233 98 105
f133_4388ms.png 5029 233 98 105
f134_4421ms.png 5029 233 98 105
f135_4454ms.png 5029 233 98 105
f136_4487ms.png 5029 233 98 105
f137_4520ms.png 5029 233 98 105
f138_4553ms.png 5029 233 98 105
f139_4587ms.png 4410 242 151 156
f140_4620ms.png 4408 242 151 156
f141_4653ms.png 4409 242 151 156
f142_4686ms.png 5010 233 98 105
f143_4719ms.png 5011 233 98 105
f144_4752ms.png 5005 233 98 105
f145_4785ms.png 5005 233 98 105
f146_4818ms.png 5005 233 98 105
f147_4851ms.png 5005 233 98 105
f148_4884ms.png 5005 233 98 105
f149_4917ms.png 5005 233 98 105
f150_4950ms.png 5005 233 98 105
f151_4983ms.png 5005 233 98 105
f152_5016ms.png 5005 233 98 105
f153_5049ms.png 5005 233 98 105
f154_5082ms.png 5005 233 98 105
f155_5115ms.png 5005 233 98 105
f156_5148ms.png 5005 233 98 105
f157_5181ms.png 5005 233 98 105
f158_5214ms.png 5006 233 98 105
f159_5247ms.png 5005 233 98 105
f160_5280ms.png 5005 233 98 105
f161_5313ms.png 5005 233 98 105
f162_5346ms.png 5005 233 98 105
f163_5379ms.png 5005 233 98 105
f164_5412ms.png 5005 233 98 105
f165_5445ms.png 5005 233 98 105
f166_5478ms.png 5005 233 98 105
f167_5511ms.png 5005 233 98 105
f168_5544ms.png 5005 233 98 105
f169_5577ms.png 5005 233 98 105
f170_5610ms.png 5005 233 98 105
f171_5643ms.png 5005 233 98 105
f172_5676ms.png 5005 233 98 105
f173_5709ms.png 5005 233 98 105
f174_5742ms.png 5005 233 98 105
f175_5775ms.png 5005 233 98 105
f176_5808ms.png 5005 233 98 105
