f000_0000ms.png 4763 69 189 111
f001_0033ms.png 4763 69 189 111
f002_0066ms.png 4763 69 189 111
f003_0099ms.png 4763 69 189 111
f004_0132ms.png 4743 68 189 111
f005_0165ms.png 4792 68 189 111
f006_0198ms.png 4792 68 189 111
f007_0231ms.png 4792 68 189 111
f008_0264ms.png 4778 68 189 110
f009_0297ms.png 4778 68 189 110
f010_0330ms.png 4778 68 189 110
f011_0363ms.png 4778 68 189 110
f012_0396ms.png 4775 68 189 110
f013_0429ms.png 4775 68 189 110
f014_0462ms.png 4746 68 189 111
f015_0495ms.png 4746 68 189 111
f016_0528ms.png 4746 68 189 111
f017_0561ms.png 4746 68 189 111
f018_0594ms.png 4746 68 189 111
f019_0627ms.png 4746 68 189 111
f020_0660ms.png 4746 68 189 111
f021_0693ms.png 4746 68 189 111
f022_0726ms.png 4744 68 188 110
f023_0759ms.png 4783 68 188 110
f024_0792ms.png 4783 68 188 110
f025_0825ms.png 4783 68 188 110
f026_0858ms.png 4780 68 188 110
f027_0891ms.png 4780 68 188 110
f028_0924ms.png 4780 68 188 110
f029_0957ms.png 4780 68 188 110
f030_0990ms.png 4780 68 188 110
f031_1023ms.png 4780 68 189 110
f032_1056ms.png 4780 68 189 110
f033_1089ms.png 4780 68 189 110
f034_1122ms.png 4780 68 189 110
f035_1155ms.png 4780 68 189 110
f036_1188ms.png 4780 68 189 110
f037_1221ms.png 4780 68 189 110
f038_1254ms.png 4779 68 188 110
f039_1287ms.png 4780 68 189 110
f040_1319ms.png 4743 68 188 111
f041_1352ms.png 4743 68 188 111
f042_1385ms.png 4743 68 188 111
f043_1418ms.png 4743 68 188 111
f044_1451ms.png 4743 68 188 111
f045_1484ms.png 4743 68 188 111
f046_1517ms.png 4743 68 188 111
f047_1550ms.png 4743 68 188 111
f048_1583ms.png 4743 68 188 111
f049_1616ms.png 4743 68 188 111
f050_1649ms.png 4743 68 188 111
f051_1682ms.png 4743 68 188 111
f052_1715ms.png 4743 68 188 111
f053_1748ms.png 4743 68 188 111
f054_1781ms.png 4743 68 188 111
f055_1814ms.png 4743 68 188 111
f056_1847ms.png 4743 68 188 111
f057_1880ms.png 4743 68 188 111
f058_1913ms.png 4743 68 188 111
f059_1946ms.png 4743 68 188 111
f060_1979ms.png 4743 68 188 111
f061_2012ms.png 4743 68 188 111
f062_2045ms.png 4743 68 188 111
f063_2078ms.png 4743 68 188 111
f064_2111ms.png 4743 68 188 111
f065_2144ms.png 4743 68 188 111
f066_2177ms.png 4743 68 188 111
f067_2210ms.png 4743 68 188 111
f068_2243ms.png 4750 68 189 110
f069_2276ms.png 4750 68 188 110
f070_2309ms.png 4750 68 188 110
f071_2342ms.png 4750 68 188 110
f072_2375ms.png 4750 68 188 110
f073_2408ms.png 4750 68 188 110
f074_2441ms.png 4750 68 188 110
f075_2474ms.png 4750 68 188 110
f076_2507ms.png 4750 68 188 110
f077_2540ms.png 4750 68 188 110
f078_2573ms.png 4754 68 188 110
f079_2606ms.png 4754 68 188 110
f080_2639ms.png 4754 68 188 110
f081_2672ms.png 4754 68 188 110
f082_2705ms.png 4754 68 188 110
f083_2738ms.png 4754 68 188 110
f084_2771ms.png 4754 68 188 110
f085_2804ms.png 4754 68 188 110
f086_2837ms.png 4753 68 188 110
f087_2870ms.png 4754 68 188 110
f088_2903ms.png 4754 68 188 110
f089_2936ms.png 4754 68 188 110
f090_2969ms.png 4754 68 188 110
f091_3002ms.png 4754 68 188 110
f092_3035ms.png 4754 68 188 110
f093_3068ms.png 4754 68 188 110
f094_3101ms.png 4754 68 188 110
f095_3134ms.png 4754 68 188 110
f096_3167ms.png 4754 68 188 110
f097_3200ms.png 4754 68 188 110
f098_3233ms.png 4754 68 188 110
f099_3266ms.png 4753 68 188 110
f100_3299ms.png 4753 68 188 110
f101_3332ms.png 4754 68 188 110
f102_3365ms.png 4753 68 188 110
f103_3398ms.png 4753 68 188 110
f104_3431ms.png 4753 68 188 110
f105_3464ms.png 4753 68 188 110
f106_3497ms.png 4753 68 188 110
f107_3530ms.png 4753 68 188 110
f108_3563ms.png 4753 68 188 110
f109_3596ms.png 4753 68 188 110
f110_3629ms.png 4753 68 188 110
f111_3662ms.png 4753 68 188 110
f112_3695ms.png 4753 68 188 110
f113_3728ms.png 4753 68 188 110
f114_3761ms.png 4753 68 188 110
f115_3794ms.png 4753 68 188 110
f116_3827ms.png 4753 68 188 110
f117_3860ms.png 4753 68 188 110
f118_3893ms.png 4753 68 188 110
f119_3926ms.png 4751 68 188 110
f120_3959ms.png 4751 68 188 110
f121_3992ms.png 4780 68 188 110
f122_4025ms.png 4780 68 188 110
f123_4058ms.png 4780 68 188 110
