t_epoch rss_kb cputime pcpu
1790181622 341312   0:03.69  17.1
1790181653 341584   0:08.22  15.6
1790181683 342016   0:13.06  10.2
1790181713 342288   0:17.62  15.1
1790181743 342528   0:22.32   3.2
1790181773 297216   0:26.85  15.0
1790181803 298448   0:31.67  23.9
1790181834 298624   0:35.76  27.7
1790181864 298928   0:40.30  15.7
1790181894 298960   0:44.64  26.8
1790181924 299088   0:49.25  25.0
1790181954 299072   0:53.98  18.2
1790181984 291120   0:58.80  15.1
1790182014 299312   1:02.97  18.9
1790182044 299248   1:07.39  13.6
1790182075 299264   1:11.65  15.4
1790182105 299296   1:16.25  11.7
1790182135 291200   1:20.56   8.9
1790182165 291232   1:24.80  18.2
1790182195 291280   1:29.57   8.0
1790182225 291344   1:34.36   9.2
1790182255 299456   1:39.55  10.6
1790182285 299456   1:44.28   8.3
1790182316 299504   1:49.44  21.9
1790182346 291504   1:54.29  20.7
1790182377 291488   1:58.98  25.2
1790182407 299536   2:03.57  16.1
1790182437 291344   2:08.03   5.4
1790182467 291616   2:12.66   7.6
1790182497 291616   2:17.01  10.0
1790182527 291616   2:21.59  17.0
1790182557 283552   2:25.67   3.0
1790182587 283648   2:29.66  20.9
1790182617 283600   2:34.03  19.4
1790182647 290512   2:38.62  20.5
1790182677 282416   2:43.29  11.0
1790182707 291456   2:48.11   4.0
1790182737 291440   2:52.64   5.5
1790182767 291552   2:56.83  13.9
1790182797 283504   3:00.76   9.7
1790182827 291392   3:05.72  15.6
1790182857 291520   3:10.33  23.1
1790182887 291440   3:15.15  11.8
1790182917 291552   3:20.13  14.0
1790182947 283488   3:25.48  18.2
1790182977 283072   3:30.49  10.7
1790183007 283104   3:35.51  14.8
1790183037 291232   3:40.28  12.3
1790183067 291280   3:45.33   5.9
1790183097 291312   3:50.33  20.0
1790183128 291296   3:55.15   5.8
1790183158 283232   3:59.85   9.5
1790183188 291360   4:04.48  11.6
1790183218 291376   4:09.02  10.6
1790183248 283328   4:13.83  18.7
1790183278 291312   4:18.36   5.5
1790183308 291264   4:23.14  15.0
1790183338 291072   4:28.07  11.8
1790183368 291168   4:33.02  19.4
1790183399 282896   4:37.55  17.2
1790183429 291072   4:42.61  16.8
